   0.0000000e+00   0.0000000e+00  -1.2000000e-01  -0.0000000e+00  -0.0000000e+00   1.2000000e-01
   1.1405785e-02   1.7892189e-03  -1.1944332e-01  -1.1405785e-02  -1.7892189e-03   1.1944332e-01
   4.1533837e-03   1.0772309e-02  -1.1944332e-01  -4.1533837e-03  -1.0772309e-02   1.1944332e-01
  -7.2524017e-03   8.9830904e-03  -1.1944332e-01   7.2524017e-03  -8.9830904e-03   1.1944332e-01
  -1.1405785e-02  -1.7892189e-03  -1.1944332e-01   1.1405785e-02   1.7892189e-03   1.1944332e-01
  -4.1533837e-03  -1.0772309e-02  -1.1944332e-01   4.1533837e-03   1.0772309e-02   1.1944332e-01
   7.2524017e-03  -8.9830904e-03  -1.1944332e-01  -7.2524017e-03   8.9830904e-03   1.1944332e-01
   2.1302553e-02   8.6223206e-03  -1.1777885e-01  -2.1302553e-02  -8.6223206e-03   1.1777885e-01
   1.4855482e-02   1.7534476e-02  -1.1777885e-01  -1.4855482e-02  -1.7534476e-02   1.1777885e-01
   5.0051988e-03   2.2429694e-02  -1.1777885e-01  -5.0051988e-03  -2.2429694e-02   1.1777885e-01
  -5.9917151e-03   2.2186540e-02  -1.1777885e-01   5.9917151e-03  -2.2186540e-02   1.1777885e-01
  -1.5615999e-02   1.6860716e-02  -1.1777885e-01   1.5615999e-02  -1.6860716e-02   1.1777885e-01
  -2.1662846e-02   7.6723061e-03  -1.1777885e-01   2.1662846e-02  -7.6723061e-03   1.1777885e-01
  -2.2746996e-02  -3.2737369e-03  -1.1777885e-01   2.2746996e-02   3.2737369e-03   1.1777885e-01
  -1.8620083e-02  -1.3469806e-02  -1.1777885e-01   1.8620083e-02   1.3469806e-02   1.1777885e-01
  -1.0227534e-02  -2.0580105e-02  -1.1777885e-01   1.0227534e-02   2.0580105e-02   1.1777885e-01
   5.0802028e-04  -2.2975750e-02  -1.1777885e-01  -5.0802028e-04   2.2975750e-02   1.1777885e-01
   1.1127193e-02  -2.0107928e-02  -1.1777885e-01  -1.1127193e-02   2.0107928e-02   1.1777885e-01
   1.9197260e-02  -1.2633621e-02  -1.1777885e-01  -1.9197260e-02   1.2633621e-02   1.1777885e-01
   2.2869466e-02  -2.2651044e-03  -1.1777885e-01  -2.2869466e-02   2.2651044e-03   1.1777885e-01
   3.2480137e-02   8.8716691e-03  -1.1517957e-01  -3.2480137e-02  -8.8716691e-03   1.1517957e-01
   2.7839647e-02   1.8937261e-02  -1.1517957e-01  -2.7839647e-02  -1.8937261e-02   1.1517957e-01
   2.0182300e-02   2.6950706e-02  -1.1517957e-01  -2.0182300e-02  -2.6950706e-02   1.1517957e-01
   1.0337887e-02   3.2043625e-02  -1.1517957e-01  -1.0337887e-02  -3.2043625e-02   1.1517957e-01
  -6.2679624e-04   3.3664119e-02  -1.1517957e-01   6.2679624e-04  -3.3664119e-02   1.1517957e-01
  -1.1523556e-02   3.1636584e-02  -1.1517957e-01   1.1523556e-02  -3.1636584e-02   1.1517957e-01
  -2.1171560e-02   2.6180734e-02  -1.1517957e-01   2.1171560e-02  -2.6180734e-02   1.1517957e-01
  -2.8525297e-02   1.7887795e-02  -1.1517957e-01   2.8525297e-02  -1.7887795e-02   1.1517957e-01
  -3.2787875e-02   7.6564363e-03  -1.1517957e-01   3.2787875e-02  -7.6564363e-03   1.1517957e-01
  -3.3497379e-02  -3.4046163e-03  -1.1517957e-01   3.3497379e-02   3.4046163e-03   1.1517957e-01
  -3.0576921e-02  -1.4096726e-02  -1.1517957e-01   3.0576921e-02   1.4096726e-02   1.1517957e-01
  -2.4342980e-02  -2.3261237e-02  -1.1517957e-01   2.4342980e-02   2.3261237e-02   1.1517957e-01
  -1.5471099e-02  -2.9905031e-02  -1.1517957e-01   1.5471099e-02   2.9905031e-02   1.1517957e-01
  -4.9226843e-03  -3.3308152e-02  -1.1517957e-01   4.9226843e-03   3.3308152e-02   1.1517957e-01
   6.1591795e-03  -3.3101817e-02  -1.1517957e-01  -6.1591795e-03   3.3101817e-02   1.1517957e-01
   1.6573601e-02  -2.9308387e-02  -1.1517957e-01  -1.6573601e-02   2.9308387e-02   1.1517957e-01
   2.5192015e-02  -2.2338939e-02  -1.1517957e-01  -2.5192015e-02   2.2338939e-02   1.1517957e-01
   3.1080484e-02  -1.2948719e-02  -1.1517957e-01  -3.1080484e-02   1.2948719e-02   1.1517957e-01
   3.3600900e-02  -2.1553055e-03  -1.1517957e-01  -3.3600900e-02   2.1553055e-03   1.1517957e-01
   3.2325933e-02   2.9958675e-02  -1.1161322e-01  -3.2325933e-02  -2.9958675e-02   1.1161322e-01
   2.3859935e-02   3.7056601e-02  -1.1161322e-01  -2.3859935e-02  -3.7056601e-02   1.1161322e-01
   1.3894730e-02   4.1826124e-02  -1.1161322e-01  -1.3894730e-02  -4.1826124e-02   1.1161322e-01
   3.0564672e-03   4.3967558e-02  -1.1161322e-01  -3.0564672e-03  -4.3967558e-02   1.1161322e-01
  -7.9738444e-03   4.3346349e-02  -1.1161322e-01   7.9738444e-03  -4.3346349e-02   1.1161322e-01
  -1.8503130e-02   4.0001529e-02  -1.1161322e-01   1.8503130e-02  -4.0001529e-02   1.1161322e-01
  -2.7869796e-02   3.4143266e-02  -1.1161322e-01   2.7869796e-02  -3.4143266e-02   1.1161322e-01
  -3.5485300e-02   2.6139656e-02  -1.1161322e-01   3.5485300e-02  -2.6139656e-02   1.1161322e-01
  -4.0871132e-02   1.6493596e-02  -1.1161322e-01   4.0871132e-02  -1.6493596e-02   1.1161322e-01
  -4.3688881e-02   5.8111818e-03  -1.1161322e-01   4.3688881e-02  -5.8111818e-03   1.1161322e-01
  -4.3761497e-02  -5.2363701e-03  -1.1161322e-01   4.3761497e-02   5.2363701e-03   1.1161322e-01
  -4.1084417e-02  -1.5954902e-02  -1.1161322e-01   4.1084417e-02   1.5954902e-02   1.1161322e-01
  -3.5825851e-02  -2.5670928e-02  -1.1161322e-01   3.5825851e-02   2.5670928e-02   1.1161322e-01
  -2.8316216e-02  -3.3773955e-02  -1.1161322e-01   2.8316216e-02   3.3773955e-02   1.1161322e-01
  -1.9027369e-02  -3.9754841e-02  -1.1161322e-01   1.9027369e-02   3.9754841e-02   1.1161322e-01
  -8.5429623e-03  -4.3237784e-02  -1.1161322e-01   8.5429623e-03   4.3237784e-02   1.1161322e-01
   2.4782302e-03  -4.4003938e-02  -1.1161322e-01  -2.4782302e-03   4.4003938e-02   1.1161322e-01
   1.3343706e-02  -4.2005162e-02  -1.1161322e-01  -1.3343706e-02   4.2005162e-02   1.1161322e-01
   2.3370748e-02  -3.7367048e-02  -1.1161322e-01  -2.3370748e-02   3.7367048e-02   1.1161322e-01
   3.1929320e-02  -3.0381025e-02  -1.1161322e-01  -3.1929320e-02   3.0381025e-02   1.1161322e-01
   3.8481656e-02  -2.1486050e-02  -1.1161322e-01  -3.8481656e-02   2.1486050e-02   1.1161322e-01
   4.2616047e-02  -1.1241028e-02  -1.1161322e-01  -4.2616047e-02   1.1241028e-02   1.1161322e-01
   4.4072715e-02  -2.8969016e-04  -1.1161322e-01  -4.4072715e-02   2.8969016e-04   1.1161322e-01
   4.2760133e-02   1.0679850e-02  -1.1161322e-01  -4.2760133e-02  -1.0679850e-02   1.1161322e-01
   3.8760774e-02   2.0978335e-02  -1.1161322e-01  -3.8760774e-02  -2.0978335e-02   1.1161322e-01
