   0.0000000e+00   0.0000000e+00  -1.1500000e-01  -0.0000000e+00  -0.0000000e+00   1.1500000e-01
   1.0991727e-02   1.7242658e-03  -1.1446051e-01  -1.0991727e-02  -1.7242658e-03   1.1446051e-01
   4.0026055e-03   1.0381248e-02  -1.1446051e-01  -4.0026055e-03  -1.0381248e-02   1.1446051e-01
  -6.9891214e-03   8.6569818e-03  -1.1446051e-01   6.9891214e-03  -8.6569818e-03   1.1446051e-01
  -1.0991727e-02  -1.7242658e-03  -1.1446051e-01   1.0991727e-02   1.7242658e-03   1.1446051e-01
  -4.0026055e-03  -1.0381248e-02  -1.1446051e-01   4.0026055e-03   1.0381248e-02   1.1446051e-01
   6.9891214e-03  -8.6569818e-03  -1.1446051e-01  -6.9891214e-03   8.6569818e-03   1.1446051e-01
   2.0530159e-02   8.3096901e-03  -1.1284707e-01  -2.0530159e-02  -8.3096901e-03   1.1284707e-01
   1.4316848e-02   1.6898706e-02  -1.1284707e-01  -1.4316848e-02  -1.6898706e-02   1.1284707e-01
   4.8237189e-03   2.1616432e-02  -1.1284707e-01  -4.8237189e-03  -2.1616432e-02   1.1284707e-01
  -5.7744658e-03   2.1382094e-02  -1.1284707e-01   5.7744658e-03  -2.1382094e-02   1.1284707e-01
  -1.5049790e-02   1.6249376e-02  -1.1284707e-01   1.5049790e-02  -1.6249376e-02   1.1284707e-01
  -2.0877389e-02   7.3941215e-03  -1.1284707e-01   2.0877389e-02  -7.3941215e-03   1.1284707e-01
  -2.1922229e-02  -3.1550369e-03  -1.1284707e-01   2.1922229e-02   3.1550369e-03   1.1284707e-01
  -1.7944951e-02  -1.2981414e-02  -1.1284707e-01   1.7944951e-02   1.2981414e-02   1.1284707e-01
  -9.8567012e-03  -1.9833906e-02  -1.1284707e-01   9.8567012e-03   1.9833906e-02   1.1284707e-01
   4.8960034e-04  -2.2142689e-02  -1.1284707e-01  -4.8960034e-04   2.2142689e-02   1.1284707e-01
   1.0723740e-02  -1.9378849e-02  -1.1284707e-01  -1.0723740e-02   1.9378849e-02   1.1284707e-01
   1.8501201e-02  -1.2175548e-02  -1.1284707e-01  -1.8501201e-02   1.2175548e-02   1.1284707e-01
   2.2040259e-02  -2.1829756e-03  -1.1284707e-01  -2.2040259e-02   2.1829756e-03   1.1284707e-01
   3.1297361e-02   8.5486041e-03  -1.1032858e-01  -3.1297361e-02  -8.5486041e-03   1.1032858e-01
   2.6825856e-02   1.8247654e-02  -1.1032858e-01  -2.6825856e-02  -1.8247654e-02   1.1032858e-01
   1.9447354e-02   2.5969287e-02  -1.1032858e-01  -1.9447354e-02  -2.5969287e-02   1.1032858e-01
   9.9614291e-03   3.0876745e-02  -1.1032858e-01  -9.9614291e-03  -3.0876745e-02   1.1032858e-01
  -6.0397123e-04   3.2438228e-02  -1.1032858e-01   6.0397123e-04  -3.2438228e-02   1.1032858e-01
  -1.1103922e-02   3.0484526e-02  -1.1032858e-01   1.1103922e-02  -3.0484526e-02   1.1032858e-01
  -2.0400590e-02   2.5227353e-02  -1.1032858e-01   2.0400590e-02  -2.5227353e-02   1.1032858e-01
  -2.7486538e-02   1.7236405e-02  -1.1032858e-01   2.7486538e-02  -1.7236405e-02   1.1032858e-01
  -3.1593893e-02   7.3776244e-03  -1.1032858e-01   3.1593893e-02  -7.3776244e-03   1.1032858e-01
  -3.2277560e-02  -3.2806360e-03  -1.1032858e-01   3.2277560e-02   3.2806360e-03   1.1032858e-01
  -2.9463452e-02  -1.3583389e-02  -1.1032858e-01   2.9463452e-02   1.3583389e-02   1.1032858e-01
  -2.3456522e-02  -2.2414170e-02  -1.1032858e-01   2.3456522e-02   2.2414170e-02   1.1032858e-01
  -1.4907713e-02  -2.8816029e-02  -1.1032858e-01   1.4907713e-02   2.8816029e-02   1.1032858e-01
  -4.7434230e-03  -3.2095224e-02  -1.1032858e-01   4.7434230e-03   3.2095224e-02   1.1032858e-01
   5.9348907e-03  -3.1896403e-02  -1.1032858e-01  -5.9348907e-03   3.1896403e-02   1.1032858e-01
   1.5970067e-02  -2.8241112e-02  -1.1032858e-01  -1.5970067e-02   2.8241112e-02   1.1032858e-01
   2.4274639e-02  -2.1525458e-02  -1.1032858e-01  -2.4274639e-02   2.1525458e-02   1.1032858e-01
   2.9948677e-02  -1.2477187e-02  -1.1032858e-01  -2.9948677e-02   1.2477187e-02   1.1032858e-01
   3.2377311e-02  -2.0768193e-03  -1.1032858e-01  -3.2377311e-02   2.0768193e-03   1.1032858e-01
   3.1145450e-02   2.8864639e-02  -1.0687279e-01  -3.1145450e-02  -2.8864639e-02   1.0687279e-01
   2.2988615e-02   3.5703362e-02  -1.0687279e-01  -2.2988615e-02  -3.5703362e-02   1.0687279e-01
   1.3387320e-02   4.0298711e-02  -1.0687279e-01  -1.3387320e-02  -4.0298711e-02   1.0687279e-01
   2.9448507e-03   4.2361944e-02  -1.0687279e-01  -2.9448507e-03  -4.2361944e-02   1.0687279e-01
  -7.6826543e-03   4.1763420e-02  -1.0687279e-01   7.6826543e-03  -4.1763420e-02   1.0687279e-01
  -1.7827430e-02   3.8540747e-02  -1.0687279e-01   1.7827430e-02  -3.8540747e-02   1.0687279e-01
  -2.6852042e-02   3.2896417e-02  -1.0687279e-01   2.6852042e-02  -3.2896417e-02   1.0687279e-01
  -3.4189442e-02   2.5185084e-02  -1.0687279e-01   3.4189442e-02  -2.5185084e-02   1.0687279e-01
  -3.9378594e-02   1.5891280e-02  -1.0687279e-01   3.9378594e-02  -1.5891280e-02   1.0687279e-01
  -4.2093444e-02   5.5989682e-03  -1.0687279e-01   4.2093444e-02  -5.5989682e-03   1.0687279e-01
  -4.2163408e-02  -5.0451475e-03  -1.0687279e-01   4.2163408e-02   5.0451475e-03   1.0687279e-01
  -3.9584089e-02  -1.5372258e-02  -1.0687279e-01   3.9584089e-02   1.5372258e-02   1.0687279e-01
  -3.4517557e-02  -2.4733473e-02  -1.0687279e-01   3.4517557e-02   2.4733473e-02   1.0687279e-01
  -2.7282160e-02  -3.2540593e-02  -1.0687279e-01   2.7282160e-02   3.2540593e-02   1.0687279e-01
  -1.8332525e-02  -3.8303068e-02  -1.0687279e-01   1.8332525e-02   3.8303068e-02   1.0687279e-01
  -8.2309891e-03  -4.1658820e-02  -1.0687279e-01   8.2309891e-03   4.1658820e-02   1.0687279e-01
   2.3877298e-03  -4.2396995e-02  -1.0687279e-01  -2.3877298e-03   4.2396995e-02   1.0687279e-01
   1.2856419e-02  -4.0471211e-02  -1.0687279e-01  -1.2856419e-02   4.0471211e-02   1.0687279e-01
   2.2517292e-02  -3.6002473e-02  -1.0687279e-01  -2.2517292e-02   3.6002473e-02   1.0687279e-01
   3.0763320e-02  -2.9271566e-02  -1.0687279e-01  -3.0763320e-02   2.9271566e-02   1.0687279e-01
   3.7076377e-02  -2.0701419e-02  -1.0687279e-01  -3.7076377e-02   2.0701419e-02   1.0687279e-01
   4.1059788e-02  -1.0830526e-02  -1.0687279e-01  -4.1059788e-02   1.0830526e-02   1.0687279e-01
   4.2463261e-02  -2.7911121e-04  -1.0687279e-01  -4.2463261e-02   2.7911121e-04   1.0687279e-01
   4.1198612e-02   1.0289841e-02  -1.0687279e-01  -4.1198612e-02  -1.0289841e-02   1.0687279e-01
   3.7345302e-02   2.0212245e-02  -1.0687279e-01  -3.7345302e-02  -2.0212245e-02   1.0687279e-01
